T0 = 25
ALPHA = 0.93
BETA = 1.05
BETA0 = 0.001
MAXTIME = 100000000
20 queens T0 25 ALPHA 0.93 BETA 1.05 BETA0 0.001 MAXTIME 10^8
20 0 1 2 3 4 5 6 7 8 9 10 11 12 13 14 15 16 17 18 19
30 queens T0 25 ALPHA 0.93 BETA 1.05 BETA0 0.001 MAXTIME 10^8
30 0 1 2 3 4 5 6 7 8 9 10 11 12 13 14 15 16 17 18 19 20 21 22 23 24 25 26 27 28 29
40 queens T0 25 ALPHA 0.93 BETA 1.05 BETA0 0.001 MAXTIME 10^8
40 0 1 2 3 4 5 6 7 8 9 10 11 12 13 14 15 16 17 18 19 20 21 22 23 24 25 26 27 28 29 30 31 32 33 34 35 36 37 38 39
END
